0000000000000000
0000000000000000
0000000000000000
0000000000000000
0000000000000000
0000000000000000
0000000000000000
0000000000000000
0000000000000000
0000000000000000
0000000000000000
0000000000000000

1 0 0 0 1 1 1 1 1 1 1 1 1 1 1 1
1 0 0 0 0 0 0 0 0 0 0 0 0 0 0 1
1 0 0 0 0 0 0 0 0 0 0 0 0 0 0 1
1 0 0 0 0 0 0 0 0 0 0 0 0 0 0 1
1 0 0 0 0 0 0 0 0 0 0 0 0 0 0 1
1 0 0 0 0 0 0 0 0 0 0 0 0 0 0 1
1 0 0 0 0 0 0 0 0 0 0 0 0 0 0 1
1 0 0 0 0 0 2 2 2 2 2 0 0 0 0 1
1 0 0 0 0 0 2 2 2 2 0 0 0 0 0 1
1 0 0 0 0 0 2 2 2 2 0 0 0 0 0 1
1 0 0 0 0 0 2 2 2 2 0 0 0 0 0 1
1 1 1 1 1 1 1 1 1 1 1 1 1 1 1 1